# omega_b, omega_cdm, n_s, hubble, ln10^{10}A_s, A_IA, exp_IA, m_corr, a_psf, b_psf, zshift_1, zshift_2, zshift_3, zshift_4
    0.39487E-05   -0.49967E-05    0.28933E-05   -0.46130E-05    0.16052E-03    0.54051E-04    0.44259E-04    0.56502E-05   -0.21415E-05   -0.61266E-05   -0.86670E-07    0.15702E-06    0.33881E-08    0.67009E-07
   -0.49967E-05    0.14321E-02   -0.51350E-03    0.12973E-02   -0.35522E-01    0.10672E-01   -0.93788E-02   -0.65426E-04    0.28694E-04    0.83875E-03    0.72492E-05    0.11556E-04    0.15797E-05   -0.98263E-05
    0.28933E-05   -0.51350E-03    0.32183E-02   -0.20440E-03    0.12815E-01    0.31872E-03    0.41655E-02    0.25585E-03    0.17594E-03    0.54255E-03   -0.20805E-05   -0.36435E-05   -0.56965E-07    0.16996E-05
   -0.46130E-05    0.12973E-02   -0.20440E-03    0.14500E-01   -0.10080E-01   -0.15718E-01    0.22261E-01    0.60118E-04    0.30045E-04   -0.15914E-03   -0.45858E-06   -0.18852E-04    0.69508E-06    0.17507E-04
    0.16052E-03   -0.35522E-01    0.12815E-01   -0.10080E-01    0.10038E+01   -0.32969E+00    0.27401E+00   -0.24019E-02   -0.21104E-02   -0.26248E-01   -0.22877E-03   -0.35046E-03    0.14736E-04    0.33498E-03
    0.54051E-04    0.10672E-01    0.31872E-03   -0.15718E-01   -0.32969E+00    0.98484E+00   -0.72362E+00    0.53262E-02   -0.78390E-04   -0.50700E-03   -0.11033E-02    0.34230E-04    0.20967E-03    0.64897E-04
    0.44259E-04   -0.93788E-02    0.41655E-02    0.22261E-01    0.27401E+00   -0.72362E+00    0.95644E+01   -0.69856E-02    0.10144E-01   -0.16022E-01    0.15248E-02   -0.86303E-04   -0.13646E-03    0.16374E-03
    0.56502E-05   -0.65426E-04    0.25585E-03    0.60118E-04   -0.24019E-02    0.53262E-02   -0.69856E-02    0.82425E-01   -0.15149E-02    0.23693E-03    0.54970E-05   -0.83723E-05    0.12664E-05   -0.72756E-05
   -0.21415E-05    0.28694E-04    0.17594E-03    0.30045E-04   -0.21104E-02   -0.78390E-04    0.10144E-01   -0.15149E-02    0.82106E-01   -0.20754E-02    0.48563E-05   -0.24890E-05   -0.53364E-05   -0.99546E-05
   -0.61266E-05    0.83875E-03    0.54255E-03   -0.15914E-03   -0.26248E-01   -0.50700E-03   -0.16022E-01    0.23693E-03   -0.20754E-02    0.82843E-01   -0.10208E-04   -0.32915E-05    0.42583E-05   -0.17585E-05
   -0.86670E-07    0.72492E-05   -0.20805E-05   -0.45858E-06   -0.22877E-03   -0.11033E-02    0.15248E-02    0.54970E-05    0.48563E-05   -0.10208E-04    0.65226E-05    0.83147E-06   -0.14790E-06   -0.35150E-06
    0.15702E-06    0.11556E-04   -0.36435E-05   -0.18852E-04   -0.35046E-03    0.34230E-04   -0.86303E-04   -0.83723E-05   -0.24890E-05   -0.32915E-05    0.83147E-06    0.77092E-05    0.82534E-06    0.32390E-06
    0.33881E-08    0.15797E-05   -0.56965E-07    0.69508E-06    0.14736E-04    0.20967E-03   -0.13646E-03    0.12664E-05   -0.53364E-05    0.42583E-05   -0.14790E-06    0.82534E-06    0.62287E-05    0.93257E-06
    0.67009E-07   -0.98263E-05    0.16996E-05    0.17507E-04    0.33498E-03    0.64897E-04    0.16374E-03   -0.72756E-05   -0.99546E-05   -0.17585E-05   -0.35150E-06    0.32390E-06    0.93257E-06    0.76391E-05